6 0 1
6 0 0 3
6 0 0 3 0 3
6 1 0 0 2 2 3 3 5 5 6 6 8 8
6 1 -5
1 1 -10
1 1 -20
6 2 3 3 11 3 3 2 3 11 3 2 3 3 6 3 3 15 12 6 12 15
6 2 3 3 6 3 3 15 12 6 12 15 3 3 11 3 3 2 3 11 3 2
6 2 3 3 6 3 3 15 12 6 12 15 3 3 11 3 3 2 3 11 3 2 0 0 8 8 0 15 9 8 8 0 6 0
6 2 3 3 11 3 3 2 3 11 3 2 3 3 6 3 3 15 12 6 12 15 0 0 8 8 0 15 9 8 8 0 6 0
6 2 3 3 6 3 3 15 12 6 12 15 3 3 11 3 3 2 3 11 3 2 0 0 8 8 0 15 9 8 8 0 6 0 6 3 3 15 12 6 12 15
6 2 3 3 6 3 3 15 12 6 12 15 3 3 11 3 3 2 3 11 3 2 0 0 8 8 0 15 9 8 8 0 6 0 11 3 3 2 3 11 3 2
6 2 -10
6 2 -20